Input source 1: random number
alpha	     linear		      double
--------------------------------------------------
0.5	1.4869508936028062	1.3822657424419575
0.6	1.4869508936028062	1.3822657424419575
0.7	1.4869508936028062	1.3822657424419575
0.8	1.4869508936028062	1.3822657424419575
0.9	1.4869508936028062	1.3822657424419575
0.95	1.4869508936028062	1.3822657424419575
0.98	1.4869508936028062	1.3822657424419575
0.99	1.4869508936028062	1.3822657424419575


Input source 2: current time
alpha	     linear		      double
--------------------------------------------------
0.5	1.0	1.0
0.6	1.0	1.0
0.7	1.0	1.0
0.8	1.0	1.0
0.9	1.0	1.0
0.95	1.0	1.0
0.98	1.0	1.0
0.99	1.0	1.0


Input source 3: word-list
alpha	     linear		      double
--------------------------------------------------
0.5	1.5969183230332387	1.3904918991147486
0.6	1.5969183230332387	1.3904918991147486
0.7	1.5969183230332387	1.3904918991147486
0.8	1.5969183230332387	1.3904918991147486
0.9	1.5969183230332387	1.3904918991147486
0.95	1.5969183230332387	1.3904918991147486
0.98	1.5969183230332387	1.3904918991147486
0.99	1.5969183230332387	1.3904918991147486


